70
1 1 0
1 2 59
1 3 73
1 4 55
1 5 33
1 6 53
1 7 64
1 8 80
1 9 81
1 10 36
1 11 60
1 12 57
1 13 15
1 14 88
1 15 50
1 16 9
1 17 66
1 18 56
1 19 68
1 20 95
1 21 64
1 22 26
1 23 9
1 24 51
1 25 105
1 26 81
1 27 93
1 28 84
1 29 14
1 30 93
1 31 20
1 32 69
1 33 60
1 34 65
1 35 33
1 36 4
1 37 21
1 38 19
1 39 95
1 40 90
1 41 59
1 42 60
1 43 66
1 44 79
1 45 98
1 46 99
1 47 13
1 48 66
1 49 91
1 50 30
1 51 44
1 52 42
1 53 34
1 54 68
1 55 95
1 56 53
1 57 44
1 58 21
1 59 26
1 60 50
1 61 88
1 62 78
1 63 30
1 64 55
1 65 49
1 66 31
1 67 61
1 68 79
1 69 21
1 70 20
2 1 59
2 2 0
2 3 19
2 4 9
2 5 43
2 6 22
2 7 5
2 8 22
2 9 52
2 10 47
2 11 82
2 12 52
2 13 53
2 14 35
2 15 23
2 16 57
2 17 40
2 18 12
2 19 13
2 20 42
2 21 52
2 22 34
2 23 51
2 24 20
2 25 80
2 26 22
2 27 58
2 28 26
2 29 55
2 30 44
2 31 49
2 32 13
2 33 62
2 34 53
2 35 49
2 36 61
2 37 54
2 38 42
2 39 75
2 40 64
2 41 26
2 42 17
2 43 36
2 44 35
2 45 73
2 46 65
2 47 51
2 48 80
2 49 32
2 50 54
2 51 66
2 52 50
2 53 34
2 54 72
2 55 37
2 56 73
2 57 23
2 58 54
2 59 37
2 60 55
2 61 65
2 62 75
2 63 31
2 64 94
2 65 76
2 66 29
2 67 76
2 68 38
2 69 47
2 70 55
3 1 73
3 2 19
3 3 0
3 4 19
3 5 49
3 6 23
3 7 16
3 8 12
3 9 39
3 10 52
3 11 82
3 12 49
3 13 70
3 14 16
3 15 43
3 16 69
3 17 31
3 18 17
3 19 25
3 20 23
3 21 46
3 22 50
3 23 65
3 24 39
3 25 65
3 26 19
3 27 41
3 28 13
3 29 72
3 30 24
3 31 66
3 32 6
3 33 59
3 34 47
3 35 68
3 36 76
3 37 64
3 38 58
3 39 61
3 40 49
3 41 21
3 42 14
3 43 27
3 44 18
3 45 58
3 46 48
3 47 63
3 48 78
3 49 25
3 50 60
3 51 69
3 52 52
3 53 42
3 54 67
3 55 33
3 56 74
3 57 42
3 58 63
3 59 54
3 60 54
3 61 52
3 62 68
3 63 48
3 64 98
3 65 79
3 66 44
3 67 74
3 68 21
3 69 65
3 70 73
4 1 55
4 2 9
4 3 19
4 4 0
4 5 35
4 6 14
4 7 12
4 8 26
4 9 46
4 10 39
4 11 73
4 12 44
4 13 50
4 14 35
4 15 27
4 16 51
4 17 33
4 18 4
4 19 22
4 20 42
4 21 44
4 22 31
4 23 46
4 24 24
4 25 74
4 26 28
4 27 53
4 28 29
4 29 52
4 30 43
4 31 47
4 32 14
4 33 54
4 34 45
4 35 50
4 36 57
4 37 48
4 38 39
4 39 68
4 40 57
4 41 18
4 42 11
4 43 29
4 44 31
4 45 67
4 46 60
4 47 45
4 48 72
4 49 38
4 50 46
4 51 58
4 52 41
4 53 26
4 54 63
4 55 44
4 56 64
4 57 25
4 58 47
4 59 35
4 60 47
4 61 59
4 62 67
4 63 29
4 64 86
4 65 68
4 66 25
4 67 67
4 68 33
4 69 45
4 70 53
5 1 33
5 2 43
5 3 49
5 4 35
5 5 0
5 6 26
5 7 47
5 8 59
5 9 48
5 10 6
5 11 42
5 12 25
5 13 39
5 14 61
5 15 48
5 16 26
5 17 33
5 18 34
5 19 55
5 20 67
5 21 31
5 22 29
5 23 28
5 24 47
5 25 72
5 26 63
5 27 61
5 28 61
5 29 40
5 30 64
5 31 40
5 32 46
5 33 30
5 34 32
5 35 51
5 36 37
5 37 16
5 38 30
5 39 62
5 40 56
5 41 30
5 42 34
5 43 34
5 44 49
5 45 65
5 46 66
5 47 21
5 48 43
5 49 72
5 50 11
5 51 25
5 52 11
5 53 9
5 54 40
5 55 78
5 56 33
5 57 42
5 58 15
5 59 34
5 60 20
5 61 55
5 62 48
5 63 31
5 64 51
5 65 34
5 66 26
5 67 38
5 68 48
5 69 40
5 70 45
6 1 53
6 2 22
6 3 23
6 4 14
6 5 26
6 6 0
6 7 25
6 8 33
6 9 34
6 10 29
6 11 61
6 12 30
6 13 53
6 14 36
6 15 40
6 16 48
6 17 20
6 18 10
6 19 35
6 20 42
6 21 30
6 22 35
6 23 46
6 24 37
6 25 63
6 26 38
6 27 44
6 28 36
6 29 55
6 30 40
6 31 51
6 32 21
6 33 40
6 34 31
6 35 57
6 36 57
6 37 41
6 38 42
6 39 55
6 40 45
6 41 6
6 42 9
6 43 17
6 44 26
6 45 55
6 46 50
6 47 42
6 48 58
6 49 47
6 50 37
6 51 47
6 52 30
6 53 20
6 54 49
6 55 54
6 56 52
6 57 35
6 58 40
6 59 40
6 60 34
6 61 46
6 62 53
6 63 34
6 64 75
6 65 57
6 66 29
6 67 54
6 68 26
6 69 50
6 70 57
7 1 64
7 2 5
7 3 16
7 4 12
7 5 47
7 6 25
7 7 0
7 8 17
7 9 52
7 10 51
7 11 85
7 12 55
7 13 58
7 14 31
7 15 27
7 16 62
7 17 41
7 18 14
7 19 11
7 20 38
7 21 54
7 22 39
7 23 56
7 24 23
7 25 79
7 26 17
7 27 57
7 28 21
7 29 60
7 30 40
7 31 54
7 32 10
7 33 65
7 34 55
7 35 54
7 36 66
7 37 59
7 38 47
7 39 75
7 40 63
7 41 27
7 42 18
7 43 37
7 44 33
7 45 72
7 46 63
7 47 56
7 48 83
7 49 27
7 50 58
7 51 70
7 52 53
7 53 38
7 54 74
7 55 32
7 56 76
7 57 27
7 58 58
7 59 42
7 60 58
7 61 65
7 62 77
7 63 36
7 64 98
7 65 80
7 66 34
7 67 79
7 68 36
7 69 52
7 70 60
8 1 80
8 2 22
8 3 12
8 4 26
8 5 59
8 6 33
8 7 17
8 8 0
8 9 49
8 10 62
8 11 93
8 12 60
8 13 75
8 14 17
8 15 43
8 16 77
8 17 43
8 18 25
8 19 21
8 20 23
8 21 57
8 22 56
8 23 72
8 24 40
8 25 74
8 26 8
8 27 50
8 28 4
8 29 77
8 30 28
8 31 71
8 32 13
8 33 70
8 34 58
8 35 71
8 36 83
8 37 73
8 38 64
8 39 71
8 40 59
8 41 33
8 42 25
8 43 38
8 44 27
8 45 67
8 46 55
8 47 71
8 48 89
8 49 14
8 50 70
8 51 80
8 52 63
8 53 51
8 54 79
8 55 21
8 56 85
8 57 44
8 58 72
8 59 59
8 60 66
8 61 62
8 62 79
8 63 53
8 64 109
8 65 90
8 66 50
8 67 86
8 68 31
8 69 69
8 70 77
9 1 81
9 2 52
9 3 39
9 4 46
9 5 48
9 6 34
9 7 52
9 8 49
9 9 0
9 10 46
9 11 58
9 12 28
9 13 84
9 14 37
9 15 73
9 16 73
9 17 16
9 18 42
9 19 63
9 20 39
9 21 20
9 22 68
9 23 75
9 24 70
9 25 28
9 26 57
9 27 14
9 28 48
9 29 86
9 30 32
9 31 83
9 32 43
9 33 34
9 34 20
9 35 91
9 36 85
9 37 63
9 38 73
9 39 22
9 40 11
9 41 28
9 42 35
9 43 17
9 44 23
9 45 21
9 46 19
9 47 68
9 48 51
9 49 62
9 50 54
9 51 53
9 52 42
9 53 48
9 54 38
9 55 70
9 56 53
9 57 70
9 58 62
9 59 74
9 60 37
9 61 13
9 62 33
9 63 68
9 64 80
9 65 60
9 66 62
9 67 49
9 68 18
9 69 82
9 70 89
10 1 36
10 2 47
10 3 52
10 4 39
10 5 6
10 6 29
10 7 51
10 8 62
10 9 46
10 10 0
10 11 36
10 12 21
10 13 44
10 14 63
10 15 54
10 16 28
10 17 32
10 18 37
10 19 60
10 20 69
10 21 28
10 22 35
10 23 33
10 24 53
10 25 69
10 26 67
10 27 59
10 28 64
10 29 45
10 30 65
10 31 45
10 32 50
10 33 25
10 34 28
10 35 56
10 36 41
10 37 17
10 38 36
10 39 59
10 40 54
10 41 31
10 42 37
10 43 34
10 44 50
10 45 62
10 46 64
10 47 24
10 48 37
10 49 75
10 50 9
10 51 19
10 52 6
10 53 15
10 54 34
10 55 82
10 56 27
10 57 48
10 58 16
10 59 40
10 60 15
10 61 51
10 62 43
10 63 37
10 64 47
10 65 29
10 66 32
10 67 32
10 68 48
10 69 45
10 70 50
11 1 60
11 2 82
11 3 82
11 4 73
11 5 42
11 6 61
11 7 85
11 8 93
11 9 58
11 10 36
11 11 0
11 12 33
11 13 73
11 14 89
11 15 90
11 16 52
11 17 53
11 18 71
11 19 95
11 20 93
11 21 39
11 22 69
11 23 61
11 24 89
11 25 68
11 26 99
11 27 71
11 28 94
11 29 73
11 30 87
11 31 76
11 32 82
11 33 25
11 34 39
11 35 89
11 36 64
11 37 42
11 38 68
11 39 57
11 40 59
11 41 60
11 42 69
11 43 57
11 44 73
11 45 63
11 46 73
11 47 52
11 48 9
11 49 107
11 50 34
11 51 18
11 52 32
11 53 51
11 54 21
11 55 114
11 56 9
11 57 84
11 58 41
11 59 74
11 60 27
11 61 55
11 62 31
11 63 72
11 64 24
11 65 12
11 66 68
11 67 9
11 68 70
11 69 77
11 70 79
12 1 57
12 2 52
12 3 49
12 4 44
12 5 25
12 6 30
12 7 55
12 8 60
12 9 28
12 10 21
12 11 33
12 12 0
12 13 64
12 14 55
12 15 66
12 16 49
12 17 19
12 18 41
12 19 65
12 20 60
12 21 8
12 22 52
12 23 53
12 24 64
12 25 49
12 26 67
12 27 42
12 28 61
12 29 65
12 30 55
12 31 65
12 32 50
12 33 10
12 34 8
12 35 75
12 36 61
12 37 37
12 38 55
12 39 38
12 40 34
12 41 28
12 42 37
12 43 23
12 44 40
12 45 42
12 46 46
12 47 45
12 48 29
12 49 74
12 50 28
12 51 25
12 52 15
12 53 30
12 54 19
12 55 82
12 56 26
12 57 61
12 58 36
12 59 58
12 60 9
12 61 31
12 62 25
12 63 53
12 64 53
12 65 33
12 66 48
12 67 25
12 68 37
12 69 64
12 70 70
13 1 15
13 2 53
13 3 70
13 4 50
13 5 39
13 6 53
13 7 58
13 8 75
13 9 84
13 10 44
13 11 73
13 12 64
13 13 0
13 14 85
13 15 39
13 16 21
13 17 69
13 18 53
13 19 60
13 20 92
13 21 70
13 22 19
13 23 12
13 24 41
13 25 111
13 26 75
13 27 96
13 28 79
13 29 2
13 30 92
13 31 6
13 32 64
13 33 69
13 34 71
13 35 18
13 36 13
13 37 31
13 38 11
13 39 101
13 40 94
13 41 59
13 42 58
13 43 68
13 44 78
13 45 103
13 46 102
13 47 21
13 48 77
13 49 84
13 50 40
13 51 55
13 52 50
13 53 36
13 54 77
13 55 87
13 56 65
13 57 34
13 58 32
13 59 16
13 60 59
13 61 93
13 62 87
13 63 22
13 64 69
13 65 62
13 66 25
13 67 72
13 68 79
13 69 8
13 70 6
14 1 88
14 2 35
14 3 16
14 4 35
14 5 61
14 6 36
14 7 31
14 8 17
14 9 37
14 10 63
14 11 89
14 12 55
14 13 85
14 14 0
14 15 58
14 16 83
14 17 36
14 18 32
14 19 38
14 20 7
14 21 50
14 22 66
14 23 80
14 24 54
14 25 58
14 26 25
14 27 34
14 28 14
14 29 87
14 30 10
14 31 82
14 32 22
14 33 64
14 34 51
14 35 84
14 36 91
14 37 77
14 38 74
14 39 57
14 40 45
14 41 32
14 42 28
14 43 32
14 44 16
14 45 52
14 46 39
14 47 77
14 48 83
14 49 26
14 50 72
14 51 78
14 52 62
14 53 56
14 54 72
14 55 34
14 56 82
14 57 58
14 58 76
14 59 70
14 60 63
14 61 49
14 62 70
14 63 64
14 64 107
14 65 88
14 66 60
14 67 81
14 68 19
14 69 80
14 70 88
15 1 50
15 2 23
15 3 43
15 4 27
15 5 48
15 6 40
15 7 27
15 8 43
15 9 73
15 10 54
15 11 90
15 12 66
15 13 39
15 14 58
15 15 0
15 16 51
15 17 59
15 18 32
15 19 23
15 20 65
15 21 68
15 22 25
15 23 42
15 24 4
15 25 102
15 26 40
15 27 81
15 28 48
15 29 41
15 30 67
15 31 34
15 32 36
15 33 75
15 34 69
15 35 29
15 36 50
15 37 54
15 38 31
15 39 95
15 40 85
15 41 45
15 42 38
15 43 56
15 44 58
15 45 94
15 46 87
15 47 46
15 48 91
15 49 48
15 50 57
15 51 73
15 52 58
15 53 39
15 54 85
15 55 50
15 56 81
15 57 7
15 58 53
15 59 24
15 60 66
15 61 85
15 62 91
15 63 21
15 64 96
15 65 82
15 66 23
15 67 86
15 68 60
15 69 31
15 70 39
16 1 9
16 2 57
16 3 69
16 4 51
16 5 26
16 6 48
16 7 62
16 8 77
16 9 73
16 10 28
16 11 52
16 12 49
16 13 21
16 14 83
16 15 51
16 16 0
16 17 59
16 18 52
16 19 67
16 20 90
16 21 56
16 22 26
16 23 10
16 24 52
16 25 97
16 26 79
16 27 86
16 28 81
16 29 21
16 30 88
16 31 25
16 32 65
16 33 52
16 34 57
16 35 38
16 36 13
16 37 12
16 38 21
16 39 87
16 40 82
16 41 53
16 42 55
16 43 59
16 44 73
16 45 90
16 46 92
16 47 6
16 48 57
16 49 88
16 50 22
16 51 35
16 52 34
16 53 28
16 54 59
16 55 93
16 56 44
16 57 45
16 58 13
16 59 28
16 60 42
16 61 80
16 62 69
16 63 30
16 64 49
16 65 41
16 66 29
16 67 52
16 68 73
16 69 26
16 70 27
17 1 66
17 2 40
17 3 31
17 4 33
17 5 33
17 6 20
17 7 41
17 8 43
17 9 16
17 10 32
17 11 53
17 12 19
17 13 69
17 14 36
17 15 59
17 16 59
17 17 0
17 18 28
17 19 52
17 20 40
17 21 14
17 22 52
17 23 59
17 24 56
17 25 43
17 26 50
17 27 28
17 28 43
17 29 70
17 30 35
17 31 68
17 32 34
17 33 28
17 34 15
17 35 75
17 36 69
17 37 49
17 38 58
17 39 36
17 40 26
17 41 14
17 42 23
17 43 4
17 44 21
17 45 36
17 46 34
17 47 53
17 48 47
17 49 56
17 50 41
17 51 44
17 52 29
17 53 32
17 54 36
17 55 64
17 56 46
17 57 55
17 58 48
17 59 58
17 60 27
17 61 26
17 62 36
17 63 52
17 64 72
17 65 52
17 66 47
17 67 45
17 68 18
17 69 67
17 70 74
18 1 56
18 2 12
18 3 17
18 4 4
18 5 34
18 6 10
18 7 14
18 8 25
18 9 42
18 10 37
18 11 71
18 12 41
18 13 53
18 14 32
18 15 32
18 16 52
18 17 28
18 18 0
18 19 25
18 20 39
18 21 40
18 22 34
18 23 48
18 24 29
18 25 70
18 26 29
18 27 49
18 28 28
18 29 55
18 30 39
18 31 50
18 32 13
18 33 50
18 34 41
18 35 53
18 36 59
18 37 47
18 38 42
18 39 64
18 40 53
18 41 14
18 42 6
18 43 25
18 44 27
18 45 62
18 46 55
18 47 46
18 48 69
18 49 38
18 50 45
18 51 56
18 52 39
18 53 26
18 54 60
18 55 45
18 56 62
18 57 29
18 58 47
18 59 38
18 60 44
18 61 54
18 62 63
18 63 32
18 64 84
18 65 66
18 66 28
18 67 64
18 68 29
18 69 48
18 70 56
19 1 68
19 2 13
19 3 25
19 4 22
19 5 55
19 6 35
19 7 11
19 8 21
19 9 63
19 10 60
19 11 95
19 12 65
19 13 60
19 14 38
19 15 23
19 16 67
19 17 52
19 18 25
19 19 0
19 20 45
19 21 65
19 22 42
19 23 60
19 24 20
19 25 90
19 26 17
19 27 67
19 28 26
19 29 62
19 30 48
19 31 55
19 32 20
19 33 75
19 34 66
19 35 52
19 36 70
19 37 66
19 38 50
19 39 85
19 40 74
19 41 38
19 42 29
19 43 48
19 44 43
19 45 83
19 46 73
19 47 61
19 48 93
19 49 25
19 50 66
19 51 79
19 52 63
19 53 46
19 54 85
19 55 28
19 56 86
19 57 26
19 58 65
19 59 43
19 60 68
19 61 76
19 62 88
19 63 38
19 64 106
19 65 89
19 66 38
19 67 89
19 68 46
19 69 53
19 70 61
20 1 95
20 2 42
20 3 23
20 4 42
20 5 67
20 6 42
20 7 38
20 8 23
20 9 39
20 10 69
20 11 93
20 12 60
20 13 92
20 14 7
20 15 65
20 16 90
20 17 40
20 18 39
20 19 45
20 20 0
20 21 54
20 22 73
20 23 87
20 24 61
20 25 56
20 26 30
20 27 33
20 28 19
20 29 94
20 30 7
20 31 89
20 32 29
20 33 68
20 34 55
20 35 91
20 36 98
20 37 83
20 38 81
20 39 57
20 40 45
20 41 38
20 42 35
20 43 37
20 44 20
20 45 51
20 46 37
20 47 84
20 48 87
20 49 29
20 50 78
20 51 84
20 52 68
20 53 62
20 54 75
20 55 36
20 56 86
20 57 65
20 58 82
20 59 77
20 60 68
20 61 50
20 62 72
20 63 71
20 64 112
20 65 93
20 66 67
20 67 85
20 68 23
20 69 88
20 70 96
21 1 64
21 2 52
21 3 46
21 4 44
21 5 31
21 6 30
21 7 54
21 8 57
21 9 20
21 10 28
21 11 39
21 12 8
21 13 70
21 14 50
21 15 68
21 16 56
21 17 14
21 18 40
21 19 65
21 20 54
21 21 0
21 22 57
21 23 60
21 24 66
21 25 41
21 26 64
21 27 34
21 28 57
21 29 71
21 30 48
21 31 70
21 32 47
21 33 14
21 34 1
21 35 80
21 36 68
21 37 45
21 38 60
21 39 31
21 40 26
21 41 26
21 42 36
21 43 19
21 44 35
21 45 34
21 46 38
21 47 52
21 48 33
21 49 71
21 50 35
21 51 33
21 52 23
21 53 34
21 54 22
21 55 79
21 56 33
21 57 63
21 58 44
21 59 62
21 60 17
21 61 24
21 62 23
21 63 58
21 64 60
21 65 41
21 66 52
21 67 31
21 68 31
21 69 70
21 70 76
22 1 26
22 2 34
22 3 50
22 4 31
22 5 29
22 6 35
22 7 39
22 8 56
22 9 68
22 10 35
22 11 69
22 12 52
22 13 19
22 14 66
22 15 25
22 16 26
22 17 52
22 18 34
22 19 42
22 20 73
22 21 57
22 22 0
22 23 17
22 24 25
22 25 96
22 26 56
22 27 79
22 28 60
22 29 21
22 30 73
22 31 16
22 32 45
22 33 59
22 34 57
22 35 23
22 36 28
22 37 30
22 38 8
22 39 87
22 40 78
22 41 41
22 42 39
22 43 51
22 44 60
22 45 88
22 46 85
22 47 22
22 48 71
22 49 66
22 50 35
22 51 51
22 52 40
22 53 22
22 54 68
22 55 70
22 56 60
22 57 18
22 58 29
22 59 6
22 60 49
22 61 78
22 62 76
22 63 4
22 64 72
22 65 60
22 66 6
22 67 66
22 68 61
22 69 15
22 70 22
23 1 9
23 2 51
23 3 65
23 4 46
23 5 28
23 6 46
23 7 56
23 8 72
23 9 75
23 10 33
23 11 61
23 12 53
23 13 12
23 14 80
23 15 42
23 16 10
23 17 59
23 18 48
23 19 60
23 20 87
23 21 60
23 22 17
23 23 0
23 24 43
23 25 101
23 26 73
23 27 87
23 28 76
23 29 13
23 30 86
23 31 15
23 32 60
23 33 57
23 34 60
23 35 28
23 36 11
23 37 20
23 38 11
23 39 91
23 40 84
23 41 52
23 42 52
23 43 60
23 44 72
23 45 93
23 46 93
23 47 9
23 48 65
23 49 82
23 50 29
23 51 44
23 52 38
23 53 27
23 54 66
23 55 87
23 56 53
23 57 36
23 58 20
23 59 18
23 60 47
23 61 83
23 62 75
23 63 22
23 64 59
23 65 50
23 66 22
23 67 60
23 68 72
23 69 16
23 70 18
24 1 51
24 2 20
24 3 39
24 4 24
24 5 47
24 6 37
24 7 23
24 8 40
24 9 70
24 10 53
24 11 89
24 12 64
24 13 41
24 14 54
24 15 4
24 16 52
24 17 56
24 18 29
24 19 20
24 20 61
24 21 66
24 22 25
24 23 43
24 24 0
24 25 98
24 26 36
24 27 77
24 28 44
24 29 43
24 30 64
24 31 36
24 32 33
24 33 73
24 34 67
24 35 32
24 36 52
24 37 54
24 38 32
24 39 92
24 40 81
24 41 42
24 42 35
24 43 53
24 44 55
24 45 91
24 46 84
24 47 47
24 48 89
24 49 45
24 50 56
24 51 71
24 52 57
24 53 38
24 54 83
24 55 47
24 56 80
24 57 7
24 58 53
24 59 25
24 60 64
24 61 82
24 62 88
24 63 21
24 64 96
24 65 81
24 66 23
24 67 84
24 68 57
24 69 34
24 70 41
25 1 105
25 2 80
25 3 65
25 4 74
25 5 72
25 6 63
25 7 79
25 8 74
25 9 28
25 10 69
25 11 68
25 12 49
25 13 111
25 14 58
25 15 102
25 16 97
25 17 43
25 18 70
25 19 90
25 20 56
25 21 41
25 22 96
25 23 101
25 24 98
25 25 0
25 26 82
25 27 24
25 28 71
25 29 112
25 30 49
25 31 110
25 32 70
25 33 49
25 34 41
25 35 118
25 36 110
25 37 86
25 38 100
25 39 11
25 40 17
25 41 57
25 42 64
25 43 45
25 44 47
25 45 8
25 46 19
25 47 93
25 48 59
25 49 84
25 50 76
25 51 71
25 52 64
25 53 74
25 54 47
25 55 92
25 56 67
25 57 98
25 58 85
25 59 101
25 60 57
25 61 18
25 62 37
25 63 96
25 64 92
25 65 75
25 66 90
25 67 60
25 68 43
25 69 110
25 70 116
26 1 81
26 2 22
26 3 19
26 4 28
26 5 63
26 6 38
26 7 17
26 8 8
26 9 57
26 10 67
26 11 99
26 12 67
26 13 75
26 14 25
26 15 40
26 16 79
26 17 50
26 18 29
26 19 17
26 20 30
26 21 64
26 22 56
26 23 73
26 24 36
26 25 82
26 26 0
26 27 58
26 28 11
26 29 77
26 30 35
26 31 70
26 32 17
26 33 77
26 34 65
26 35 68
26 36 83
26 37 76
26 38 64
26 39 79
26 40 67
26 41 39
26 42 30
26 43 46
26 44 35
26 45 75
26 46 63
26 47 73
26 48 96
26 49 9
26 50 74
26 51 85
26 52 68
26 53 55
26 54 85
26 55 16
26 56 90
26 57 42
26 58 75
26 59 58
26 60 72
26 61 70
26 62 86
26 63 53
26 64 113
26 65 95
26 66 51
26 67 92
26 68 39
26 69 68
26 70 76
27 1 93
27 2 58
27 3 41
27 4 53
27 5 61
27 6 44
27 7 57
27 8 50
27 9 14
27 10 59
27 11 71
27 12 42
27 13 96
27 14 34
27 15 81
27 16 86
27 17 28
27 18 49
27 19 67
27 20 33
27 21 34
27 22 79
27 23 87
27 24 77
27 25 24
27 26 58
27 27 0
27 28 47
27 29 98
27 30 26
27 31 95
27 32 47
27 33 47
27 34 34
27 35 101
27 36 97
27 37 76
27 38 85
27 39 24
27 40 13
27 41 38
27 42 43
27 43 28
27 44 24
27 45 18
27 46 6
27 47 81
27 48 63
27 49 60
27 50 68
27 51 67
27 52 55
27 53 60
27 54 50
27 55 68
27 56 66
27 57 78
27 58 75
27 59 84
27 60 51
27 61 18
27 62 44
27 63 78
27 64 93
27 65 74
27 66 73
27 67 62
27 68 21
27 69 93
27 70 101
28 1 84
28 2 26
28 3 13
28 4 29
28 5 61
28 6 36
28 7 21
28 8 4
28 9 48
28 10 64
28 11 94
28 12 61
28 13 79
28 14 14
28 15 48
28 16 81
28 17 43
28 18 28
28 19 26
28 20 19
28 21 57
28 22 60
28 23 76
28 24 44
28 25 71
28 26 11
28 27 47
28 28 0
28 29 81
28 30 24
28 31 75
28 32 16
28 33 71
28 34 58
28 35 75
28 36 87
28 37 76
28 38 68
28 39 69
28 40 57
28 41 34
28 42 27
28 43 39
28 44 25
28 45 65
28 46 53
28 47 74
28 48 90
28 49 14
28 50 73
28 51 82
28 52 65
28 53 54
28 54 79
28 55 22
28 56 86
28 57 49
28 58 75
28 59 63
28 60 67
28 61 61
28 62 79
28 63 57
28 64 110
28 65 91
28 66 54
28 67 87
28 68 30
28 69 73
28 70 81
29 1 14
29 2 55
29 3 72
29 4 52
29 5 40
29 6 55
29 7 60
29 8 77
29 9 86
29 10 45
29 11 73
29 12 65
29 13 2
29 14 87
29 15 41
29 16 21
29 17 70
29 18 55
29 19 62
29 20 94
29 21 71
29 22 21
29 23 13
29 24 43
29 25 112
29 26 77
29 27 98
29 28 81
29 29 0
29 30 94
29 31 7
29 32 66
29 33 70
29 34 72
29 35 19
29 36 12
29 37 32
29 38 13
29 39 103
29 40 96
29 41 61
29 42 60
29 43 70
29 44 80
29 45 104
29 46 104
29 47 22
29 48 78
29 49 86
29 50 41
29 51 56
29 52 51
29 53 38
29 54 78
29 55 89
29 56 65
29 57 36
29 58 32
29 59 18
29 60 60
29 61 94
29 62 88
29 63 24
29 64 69
29 65 62
29 66 27
29 67 73
29 68 81
29 69 9
29 70 6
30 1 93
30 2 44
30 3 24
30 4 43
30 5 64
30 6 40
30 7 40
30 8 28
30 9 32
30 10 65
30 11 87
30 12 55
30 13 92
30 14 10
30 15 67
30 16 88
30 17 35
30 18 39
30 19 48
30 20 7
30 21 48
30 22 73
30 23 86
30 24 64
30 25 49
30 26 35
30 27 26
30 28 24
30 29 94
30 30 0
30 31 89
30 32 31
30 33 63
30 34 49
30 35 92
30 36 97
30 37 80
30 38 81
30 39 50
30 40 38
30 41 35
30 42 34
30 43 32
30 44 15
30 45 44
30 46 30
30 47 82
30 48 81
30 49 36
30 50 74
30 51 79
30 52 64
30 53 60
30 54 69
30 55 43
30 56 81
30 57 66
30 58 79
30 59 77
30 60 63
30 61 42
30 62 65
30 63 71
30 64 107
30 65 88
30 66 67
30 67 79
30 68 17
30 69 88
30 70 96
31 1 20
31 2 49
31 3 66
31 4 47
31 5 40
31 6 51
31 7 54
31 8 71
31 9 83
31 10 45
31 11 76
31 12 65
31 13 6
31 14 82
31 15 34
31 16 25
31 17 68
31 18 50
31 19 55
31 20 89
31 21 70
31 22 16
31 23 15
31 24 36
31 25 110
31 26 70
31 27 95
31 28 75
31 29 7
31 30 89
31 31 0
31 32 61
31 33 70
31 34 71
31 35 13
31 36 19
31 37 34
31 38 10
31 39 101
31 40 94
31 41 57
31 42 55
31 43 67
31 44 76
31 45 103
31 46 101
31 47 24
31 48 80
31 49 79
31 50 43
31 51 58
31 52 51
31 53 36
31 54 79
31 55 83
31 56 67
31 57 29
31 58 35
31 59 12
31 60 60
31 61 93
31 62 88
31 63 18
31 64 74
31 65 65
31 66 22
31 67 75
31 68 77
31 69 2
31 70 6
32 1 69
32 2 13
32 3 6
32 4 14
32 5 46
32 6 21
32 7 10
32 8 13
32 9 43
32 10 50
32 11 82
32 12 50
32 13 64
32 14 22
32 15 36
32 16 65
32 17 34
32 18 13
32 19 20
32 20 29
32 21 47
32 22 45
32 23 60
32 24 33
32 25 70
32 26 17
32 27 47
32 28 16
32 29 66
32 30 31
32 31 61
32 32 0
32 33 59
32 34 48
32 35 62
32 36 71
32 37 60
32 38 53
32 39 66
32 40 54
32 41 21
32 42 13
32 43 29
32 44 23
32 45 63
32 46 53
32 47 59
32 48 78
32 49 25
32 50 58
32 51 68
32 52 51
32 53 39
32 54 69
32 55 33
32 56 73
32 57 36
32 58 60
32 59 49
32 60 54
32 61 56
32 62 70
32 63 42
32 64 96
32 65 78
32 66 39
32 67 75
32 68 27
32 69 59
32 70 67
33 1 60
33 2 62
33 3 59
33 4 54
33 5 30
33 6 40
33 7 65
33 8 70
33 9 34
33 10 25
33 11 25
33 12 10
33 13 69
33 14 64
33 15 75
33 16 52
33 17 28
33 18 50
33 19 75
33 20 68
33 21 14
33 22 59
33 23 57
33 24 73
33 25 49
33 26 77
33 27 47
33 28 71
33 29 70
33 30 63
33 31 70
33 32 59
33 33 0
33 34 14
33 35 81
33 36 64
33 37 40
33 38 61
33 39 38
33 40 37
33 41 38
33 42 47
33 43 33
33 44 49
33 45 43
33 46 50
33 47 48
33 48 19
33 49 84
33 50 30
33 51 22
33 52 19
33 53 37
33 54 10
33 55 92
33 56 19
33 57 69
33 58 39
33 59 65
33 60 10
33 61 33
33 62 18
33 63 61
33 64 46
33 65 27
33 66 55
33 67 16
33 68 46
33 69 70
33 70 75
34 1 65
34 2 53
34 3 47
34 4 45
34 5 32
34 6 31
34 7 55
34 8 58
34 9 20
34 10 28
34 11 39
34 12 8
34 13 71
34 14 51
34 15 69
34 16 57
34 17 15
34 18 41
34 19 66
34 20 55
34 21 1
34 22 57
34 23 60
34 24 67
34 25 41
34 26 65
34 27 34
34 28 58
34 29 72
34 30 49
34 31 71
34 32 48
34 33 14
34 34 0
34 35 80
34 36 69
34 37 45
34 38 61
34 39 31
34 40 26
34 41 27
34 42 37
34 43 20
34 44 35
34 45 34
34 46 38
34 47 52
34 48 33
34 49 72
34 50 36
34 51 33
34 52 23
34 53 35
34 54 21
34 55 80
34 56 33
34 57 64
34 58 44
34 59 63
34 60 17
34 61 23
34 62 22
34 63 59
34 64 60
34 65 40
34 66 53
34 67 30
34 68 32
34 69 71
34 70 76
35 1 33
35 2 49
35 3 68
35 4 50
35 5 51
35 6 57
35 7 54
35 8 71
35 9 91
35 10 56
35 11 89
35 12 75
35 13 18
35 14 84
35 15 29
35 16 38
35 17 75
35 18 53
35 19 52
35 20 91
35 21 80
35 22 23
35 23 28
35 24 32
35 25 118
35 26 68
35 27 101
35 28 75
35 29 19
35 30 92
35 31 13
35 32 62
35 33 81
35 34 80
35 35 0
35 36 31
35 37 47
35 38 21
35 39 110
35 40 101
35 41 63
35 42 59
35 43 74
35 44 80
35 45 111
35 46 107
35 47 37
35 48 92
35 49 77
35 50 55
35 51 71
35 52 62
35 53 45
35 54 90
35 55 79
35 56 80
35 57 27
35 58 47
35 59 17
35 60 71
35 61 101
35 62 99
35 63 23
35 64 87
35 65 78
35 66 28
35 67 87
35 68 82
35 69 12
35 70 14
36 1 4
36 2 61
36 3 76
36 4 57
36 5 37
36 6 57
36 7 66
36 8 83
36 9 85
36 10 41
36 11 64
36 12 61
36 13 13
36 14 91
36 15 50
36 16 13
36 17 69
36 18 59
36 19 70
36 20 98
36 21 68
36 22 28
36 23 11
36 24 52
36 25 110
36 26 83
36 27 97
36 28 87
36 29 12
36 30 97
36 31 19
36 32 71
36 33 64
36 34 69
36 35 31
36 36 0
36 37 25
36 38 20
36 39 99
36 40 94
36 41 62
36 42 63
36 43 70
36 44 82
36 45 102
36 46 103
36 47 17
36 48 70
36 49 93
36 50 35
36 51 48
36 52 46
36 53 38
36 54 72
36 55 97
36 56 57
36 57 45
36 58 25
36 59 27
36 60 54
36 61 92
36 62 82
36 63 31
36 64 58
36 65 53
36 66 33
36 67 65
36 68 82
36 69 21
36 70 18
37 1 21
37 2 54
37 3 64
37 4 48
37 5 16
37 6 41
37 7 59
37 8 73
37 9 63
37 10 17
37 11 42
37 12 37
37 13 31
37 14 77
37 15 54
37 16 12
37 17 49
37 18 47
37 19 66
37 20 83
37 21 45
37 22 30
37 23 20
37 24 54
37 25 86
37 26 76
37 27 76
37 28 76
37 29 32
37 30 80
37 31 34
37 32 60
37 33 40
37 34 45
37 35 47
37 36 25
37 37 0
37 38 27
37 39 75
37 40 71
37 41 45
37 42 49
37 43 50
37 44 65
37 45 79
37 46 81
37 47 10
37 48 46
37 49 85
37 50 10
37 51 24
37 52 22
37 53 22
37 54 47
37 55 91
37 56 33
37 57 47
37 58 1
37 59 34
37 60 30
37 61 68
37 62 57
37 63 34
37 64 43
37 65 31
37 66 31
37 67 41
37 68 64
37 69 35
37 70 38
38 1 19
38 2 42
38 3 58
38 4 39
38 5 30
38 6 42
38 7 47
38 8 64
38 9 73
38 10 36
38 11 68
38 12 55
38 13 11
38 14 74
38 15 31
38 16 21
38 17 58
38 18 42
38 19 50
38 20 81
38 21 60
38 22 8
38 23 11
38 24 32
38 25 100
38 26 64
38 27 85
38 28 68
38 29 13
38 30 81
38 31 10
38 32 53
38 33 61
38 34 61
38 35 21
38 36 20
38 37 27
38 38 0
38 39 91
38 40 84
38 41 48
38 42 47
38 43 57
38 44 67
38 45 93
38 46 91
38 47 17
38 48 71
38 49 74
38 50 34
38 51 50
38 52 42
38 53 26
38 54 70
38 55 77
38 56 59
38 57 25
38 58 27
38 59 8
38 60 51
38 61 83
38 62 79
38 63 12
38 64 69
38 65 58
38 66 14
38 67 66
38 68 68
38 69 9
38 70 16
39 1 95
39 2 75
39 3 61
39 4 68
39 5 62
39 6 55
39 7 75
39 8 71
39 9 22
39 10 59
39 11 57
39 12 38
39 13 101
39 14 57
39 15 95
39 16 87
39 17 36
39 18 64
39 19 85
39 20 57
39 21 31
39 22 87
39 23 91
39 24 92
39 25 11
39 26 79
39 27 24
39 28 69
39 29 103
39 30 50
39 31 101
39 32 66
39 33 38
39 34 31
39 35 110
39 36 99
39 37 75
39 38 91
39 39 0
39 40 12
39 41 50
39 42 58
39 43 39
39 44 44
39 45 7
39 46 22
39 47 83
39 48 48
39 49 83
39 50 66
39 51 59
39 52 54
39 53 65
39 54 36
39 55 91
39 56 56
39 57 91
39 58 75
39 59 93
39 60 46
39 61 9
39 62 26
39 63 87
39 64 81
39 65 64
39 66 82
39 67 49
39 68 40
39 69 101
39 70 107
40 1 90
40 2 64
40 3 49
40 4 57
40 5 56
40 6 45
40 7 63
40 8 59
40 9 11
40 10 54
40 11 59
40 12 34
40 13 94
40 14 45
40 15 85
40 16 82
40 17 26
40 18 53
40 19 74
40 20 45
40 21 26
40 22 78
40 23 84
40 24 81
40 25 17
40 26 67
40 27 13
40 28 57
40 29 96
40 30 38
40 31 94
40 32 54
40 33 37
40 34 26
40 35 101
40 36 94
40 37 71
40 38 84
40 39 12
40 40 0
40 41 39
40 42 47
40 43 28
40 44 32
40 45 9
40 46 14
40 47 77
40 48 51
40 49 71
40 50 62
40 51 58
40 52 49
40 53 58
40 54 38
40 55 79
40 56 56
40 57 81
40 58 70
40 59 84
40 60 43
40 61 5
40 62 31
40 63 79
40 64 83
40 65 64
40 66 73
40 67 51
40 68 28
40 69 93
40 70 99
41 1 59
41 2 26
41 3 21
41 4 18
41 5 30
41 6 6
41 7 27
41 8 33
41 9 28
41 10 31
41 11 60
41 12 28
41 13 59
41 14 32
41 15 45
41 16 53
41 17 14
41 18 14
41 19 38
41 20 38
41 21 26
41 22 41
41 23 52
41 24 42
41 25 57
41 26 39
41 27 38
41 28 34
41 29 61
41 30 35
41 31 57
41 32 21
41 33 38
41 34 27
41 35 63
41 36 62
41 37 45
41 38 48
41 39 50
41 40 39
41 41 0
41 42 9
41 43 11
41 44 20
41 45 49
41 46 44
41 47 47
41 48 57
41 49 46
41 50 40
41 51 48
41 52 31
41 53 25
41 54 47
41 55 54
41 56 52
41 57 41
41 58 44
41 59 47
41 60 33
41 61 40
41 62 49
41 63 41
41 64 77
41 65 57
41 66 35
41 67 53
41 68 20
41 69 56
41 70 64
42 1 60
42 2 17
42 3 14
42 4 11
42 5 34
42 6 9
42 7 18
42 8 25
42 9 35
42 10 37
42 11 69
42 12 37
42 13 58
42 14 28
42 15 38
42 16 55
42 17 23
42 18 6
42 19 29
42 20 35
42 21 36
42 22 39
42 23 52
42 24 35
42 25 64
42 26 30
42 27 43
42 28 27
42 29 60
42 30 34
42 31 55
42 32 13
42 33 47
42 34 37
42 35 59
42 36 63
42 37 49
42 38 47
42 39 58
42 40 47
42 41 9
42 42 0
42 43 19
42 44 21
42 45 56
42 46 49
42 47 49
42 48 66
42 49 38
42 50 46
42 51 55
42 52 38
42 53 28
42 54 56
42 55 45
42 56 60
42 57 35
42 58 48
42 59 44
42 60 42
42 61 48
42 62 59
42 63 38
42 64 84
42 65 65
42 66 33
42 67 62
42 68 23
42 69 54
42 70 62
43 1 66
43 2 36
43 3 27
43 4 29
43 5 34
43 6 17
43 7 37
43 8 38
43 9 17
43 10 34
43 11 57
43 12 23
43 13 68
43 14 32
43 15 56
43 16 59
43 17 4
43 18 25
43 19 48
43 20 37
43 21 19
43 22 51
43 23 60
43 24 53
43 25 45
43 26 46
43 27 28
43 28 39
43 29 70
43 30 32
43 31 67
43 32 29
43 33 33
43 34 20
43 35 74
43 36 70
43 37 50
43 38 57
43 39 39
43 40 28
43 41 11
43 42 19
43 43 0
43 44 17
43 45 38
43 46 34
43 47 54
43 48 52
43 49 52
43 50 43
43 51 47
43 52 32
43 53 32
43 54 40
43 55 60
43 56 50
43 57 52
43 58 49
43 59 57
43 60 31
43 61 29
43 62 41
43 63 51
43 64 76
43 65 56
43 66 45
43 67 49
43 68 15
43 69 66
43 70 73
44 1 79
44 2 35
44 3 18
44 4 31
44 5 49
44 6 26
44 7 33
44 8 27
44 9 23
44 10 50
44 11 73
44 12 40
44 13 78
44 14 16
44 15 58
44 16 73
44 17 21
44 18 27
44 19 43
44 20 20
44 21 35
44 22 60
44 23 72
44 24 55
44 25 47
44 26 35
44 27 24
44 28 25
44 29 80
44 30 15
44 31 76
44 32 23
44 33 49
44 34 35
44 35 80
44 36 82
44 37 65
44 38 67
44 39 44
44 40 32
44 41 20
44 42 21
44 43 17
44 44 0
44 45 40
44 46 30
44 47 67
44 48 68
44 49 39
44 50 59
44 51 64
44 52 48
44 53 45
44 54 56
44 55 47
44 56 67
44 57 56
44 58 64
44 59 65
44 60 48
44 61 35
44 62 54
44 63 59
44 64 93
44 65 73
44 66 54
44 67 65
44 68 4
44 69 75
44 70 82
45 1 98
45 2 73
45 3 58
45 4 67
45 5 65
45 6 55
45 7 72
45 8 67
45 9 21
45 10 62
45 11 63
45 12 42
45 13 103
45 14 52
45 15 94
45 16 90
45 17 36
45 18 62
45 19 83
45 20 51
45 21 34
45 22 88
45 23 93
45 24 91
45 25 8
45 26 75
45 27 18
45 28 65
45 29 104
45 30 44
45 31 103
45 32 63
45 33 43
45 34 34
45 35 111
45 36 102
45 37 79
45 38 93
45 39 7
45 40 9
45 41 49
45 42 56
45 43 38
45 44 40
45 45 0
45 46 15
45 47 85
45 48 54
45 49 78
45 50 69
45 51 64
45 52 57
45 53 67
45 54 42
45 55 86
45 56 61
45 57 90
45 58 78
45 59 93
45 60 50
45 61 10
45 62 33
45 63 88
45 64 87
45 65 69
45 66 82
45 67 55
45 68 36
45 69 102
45 70 108
46 1 99
46 2 65
46 3 48
46 4 60
46 5 66
46 6 50
46 7 63
46 8 55
46 9 19
46 10 64
46 11 73
46 12 46
46 13 102
46 14 39
46 15 87
46 16 92
46 17 34
46 18 55
46 19 73
46 20 37
46 21 38
46 22 85
46 23 93
46 24 84
46 25 19
46 26 63
46 27 6
46 28 53
46 29 104
46 30 30
46 31 101
46 32 53
46 33 50
46 34 38
46 35 107
46 36 103
46 37 81
46 38 91
46 39 22
46 40 14
46 41 44
46 42 49
46 43 34
46 44 30
46 45 15
46 46 0
46 47 87
46 48 65
46 49 65
46 50 73
46 51 71
46 52 60
46 53 66
46 54 52
46 55 73
46 56 70
46 57 84
46 58 80
46 59 90
46 60 55
46 61 19
46 62 45
46 63 85
46 64 96
46 65 77
46 66 79
46 67 65
46 68 27
46 69 100
46 70 107
47 1 13
47 2 51
47 3 63
47 4 45
47 5 21
47 6 42
47 7 56
47 8 71
47 9 68
47 10 24
47 11 52
47 12 45
47 13 21
47 14 77
47 15 46
47 16 6
47 17 53
47 18 46
47 19 61
47 20 84
47 21 52
47 22 22
47 23 9
47 24 47
47 25 93
47 26 73
47 27 81
47 28 74
47 29 22
47 30 82
47 31 24
47 32 59
47 33 48
47 34 52
47 35 37
47 36 17
47 37 10
47 38 17
47 39 83
47 40 77
47 41 47
47 42 49
47 43 54
47 44 67
47 45 85
47 46 87
47 47 0
47 48 56
47 49 82
47 50 19
47 51 34
47 52 30
47 53 22
47 54 57
47 55 88
47 56 43
47 57 40
47 58 10
47 59 25
47 60 38
47 61 75
47 62 66
47 63 26
47 64 51
47 65 41
47 66 24
47 67 51
47 68 67
47 69 25
47 70 28
48 1 66
48 2 80
48 3 78
48 4 72
48 5 43
48 6 58
48 7 83
48 8 89
48 9 51
48 10 37
48 11 9
48 12 29
48 13 77
48 14 83
48 15 91
48 16 57
48 17 47
48 18 69
48 19 93
48 20 87
48 21 33
48 22 71
48 23 65
48 24 89
48 25 59
48 26 96
48 27 63
48 28 90
48 29 78
48 30 81
48 31 80
48 32 78
48 33 19
48 34 33
48 35 92
48 36 70
48 37 46
48 38 71
48 39 48
48 40 51
48 41 57
48 42 66
48 43 52
48 44 68
48 45 54
48 46 65
48 47 56
48 48 0
48 49 103
48 50 37
48 51 22
48 52 32
48 53 51
48 54 13
48 55 111
48 56 13
48 57 84
48 58 46
48 59 77
48 60 25
48 61 47
48 62 22
48 63 74
48 64 33
48 65 19
48 66 69
48 67 5
48 68 64
48 69 80
48 70 83
49 1 91
49 2 32
49 3 25
49 4 38
49 5 72
49 6 47
49 7 27
49 8 14
49 9 62
49 10 75
49 11 107
49 12 74
49 13 84
49 14 26
49 15 48
49 16 88
49 17 56
49 18 38
49 19 25
49 20 29
49 21 71
49 22 66
49 23 82
49 24 45
49 25 84
49 26 9
49 27 60
49 28 14
49 29 86
49 30 36
49 31 79
49 32 25
49 33 84
49 34 72
49 35 77
49 36 93
49 37 85
49 38 74
49 39 83
49 40 71
49 41 46
49 42 38
49 43 52
49 44 39
49 45 78
49 46 65
49 47 82
49 48 103
49 49 0
49 50 83
49 51 93
49 52 76
49 53 64
49 54 92
49 55 8
49 56 98
49 57 51
49 58 84
49 59 68
49 60 80
49 61 74
49 62 92
49 63 62
49 64 122
49 65 103
49 66 60
49 67 99
49 68 43
49 69 77
49 70 85
50 1 30
50 2 54
50 3 60
50 4 46
50 5 11
50 6 37
50 7 58
50 8 70
50 9 54
50 10 9
50 11 34
50 12 28
50 13 40
50 14 72
50 15 57
50 16 22
50 17 41
50 18 45
50 19 66
50 20 78
50 21 35
50 22 35
50 23 29
50 24 56
50 25 76
50 26 74
50 27 68
50 28 73
50 29 41
50 30 74
50 31 43
50 32 58
50 33 30
50 34 36
50 35 55
50 36 35
50 37 10
50 38 34
50 39 66
50 40 62
50 41 40
50 42 46
50 43 43
50 44 59
50 45 69
50 46 73
50 47 19
50 48 37
50 49 83
50 50 0
50 51 16
50 52 13
50 53 20
50 54 37
50 55 89
50 56 25
50 57 51
50 58 9
50 59 40
50 60 20
50 61 59
50 62 48
50 63 38
50 64 40
50 65 25
50 66 34
50 67 32
50 68 57
50 69 43
50 70 47
51 1 44
51 2 66
51 3 69
51 4 58
51 5 25
51 6 47
51 7 70
51 8 80
51 9 53
51 10 19
51 11 18
51 12 25
51 13 55
51 14 78
51 15 73
51 16 35
51 17 44
51 18 56
51 19 79
51 20 84
51 21 33
51 22 51
51 23 44
51 24 71
51 25 71
51 26 85
51 27 67
51 28 82
51 29 56
51 30 79
51 31 58
51 32 68
51 33 22
51 34 33
51 35 71
51 36 48
51 37 24
51 38 50
51 39 59
51 40 58
51 41 48
51 42 55
51 43 47
51 44 64
51 45 64
51 46 71
51 47 34
51 48 22
51 49 93
51 50 16
51 51 0
51 52 17
51 53 34
51 54 26
51 55 100
51 56 9
51 57 66
51 58 24
51 59 56
51 60 16
51 61 55
51 62 37
51 63 54
51 64 29
51 65 10
51 66 50
51 67 17
51 68 61
51 69 59
51 70 62
52 1 42
52 2 50
52 3 52
52 4 41
52 5 11
52 6 30
52 7 53
52 8 63
52 9 42
52 10 6
52 11 32
52 12 15
52 13 50
52 14 62
52 15 58
52 16 34
52 17 29
52 18 39
52 19 63
52 20 68
52 21 23
52 22 40
52 23 38
52 24 57
52 25 64
52 26 68
52 27 55
52 28 65
52 29 51
52 30 64
52 31 51
52 32 51
52 33 19
52 34 23
52 35 62
52 36 46
52 37 22
52 38 42
52 39 54
52 40 49
52 41 31
52 42 38
52 43 32
52 44 48
52 45 57
52 46 60
52 47 30
52 48 32
52 49 76
52 50 13
52 51 17
52 52 0
52 53 19
52 54 28
52 55 83
52 56 23
52 57 52
52 58 21
52 59 46
52 60 9
52 61 47
52 62 37
52 63 42
52 64 46
52 65 27
52 66 37
52 67 27
52 68 46
52 69 51
52 70 56
53 1 34
53 2 34
53 3 42
53 4 26
53 5 9
53 6 20
53 7 38
53 8 51
53 9 48
53 10 15
53 11 51
53 12 30
53 13 36
53 14 56
53 15 39
53 16 28
53 17 32
53 18 26
53 19 46
53 20 62
53 21 34
53 22 22
53 23 27
53 24 38
53 25 74
53 26 55
53 27 60
53 28 54
53 29 38
53 30 60
53 31 36
53 32 39
53 33 37
53 34 35
53 35 45
53 36 38
53 37 22
53 38 26
53 39 65
53 40 58
53 41 25
53 42 28
53 43 32
53 44 45
53 45 67
53 46 66
53 47 22
53 48 51
53 49 64
53 50 20
53 51 34
53 52 19
53 53 0
53 54 47
53 55 70
53 56 41
53 57 33
53 58 21
53 59 28
53 60 27
53 61 57
53 62 54
53 63 24
53 64 60
53 65 43
53 66 18
53 67 46
53 68 45
53 69 35
53 70 42
54 1 68
54 2 72
54 3 67
54 4 63
54 5 40
54 6 49
54 7 74
54 8 79
54 9 38
54 10 34
54 11 21
54 12 19
54 13 77
54 14 72
54 15 85
54 16 59
54 17 36
54 18 60
54 19 85
54 20 75
54 21 22
54 22 68
54 23 66
54 24 83
54 25 47
54 26 85
54 27 50
54 28 79
54 29 78
54 30 69
54 31 79
54 32 69
54 33 10
54 34 21
54 35 90
54 36 72
54 37 47
54 38 70
54 39 36
54 40 38
54 41 47
54 42 56
54 43 40
54 44 56
54 45 42
54 46 52
54 47 57
54 48 13
54 49 92
54 50 37
54 51 26
54 52 28
54 53 47
54 54 0
54 55 100
54 56 20
54 57 79
54 58 47
54 59 74
54 60 20
54 61 34
54 62 11
54 63 71
54 64 45
54 65 28
54 66 65
54 67 13
54 68 52
54 69 79
54 70 84
55 1 95
55 2 37
55 3 33
55 4 44
55 5 78
55 6 54
55 7 32
55 8 21
55 9 70
55 10 82
55 11 114
55 12 82
55 13 87
55 14 34
55 15 50
55 16 93
55 17 64
55 18 45
55 19 28
55 20 36
55 21 79
55 22 70
55 23 87
55 24 47
55 25 92
55 26 16
55 27 68
55 28 22
55 29 89
55 30 43
55 31 83
55 32 33
55 33 92
55 34 80
55 35 79
55 36 97
55 37 91
55 38 77
55 39 91
55 40 79
55 41 54
55 42 45
55 43 60
55 44 47
55 45 86
55 46 73
55 47 88
55 48 111
55 49 8
55 50 89
55 51 100
55 52 83
55 53 70
55 54 100
55 55 0
55 56 106
55 57 54
55 58 90
55 59 71
55 60 87
55 61 82
55 62 100
55 63 66
55 64 129
55 65 110
55 66 65
55 67 107
55 68 51
55 69 80
55 70 88
56 1 53
56 2 73
56 3 74
56 4 64
56 5 33
56 6 52
56 7 76
56 8 85
56 9 53
56 10 27
56 11 9
56 12 26
56 13 65
56 14 82
56 15 81
56 16 44
56 17 46
56 18 62
56 19 86
56 20 86
56 21 33
56 22 60
56 23 53
56 24 80
56 25 67
56 26 90
56 27 66
56 28 86
56 29 65
56 30 81
56 31 67
56 32 73
56 33 19
56 34 33
56 35 80
56 36 57
56 37 33
56 38 59
56 39 56
56 40 56
56 41 52
56 42 60
56 43 50
56 44 67
56 45 61
56 46 70
56 47 43
56 48 13
56 49 98
56 50 25
56 51 9
56 52 23
56 53 41
56 54 20
56 55 106
56 56 0
56 57 74
56 58 33
56 59 65
56 60 19
56 61 52
56 62 31
56 63 63
56 64 27
56 65 8
56 66 58
56 67 8
56 68 64
56 69 68
56 70 71
57 1 44
57 2 23
57 3 42
57 4 25
57 5 42
57 6 35
57 7 27
57 8 44
57 9 70
57 10 48
57 11 84
57 12 61
57 13 34
57 14 58
57 15 7
57 16 45
57 17 55
57 18 29
57 19 26
57 20 65
57 21 63
57 22 18
57 23 36
57 24 7
57 25 98
57 26 42
57 27 78
57 28 49
57 29 36
57 30 66
57 31 29
57 32 36
57 33 69
57 34 64
57 35 27
57 36 45
57 37 47
57 38 25
57 39 91
57 40 81
57 41 41
57 42 35
57 43 52
57 44 56
57 45 90
57 46 84
57 47 40
57 48 84
57 49 51
57 50 51
57 51 66
57 52 52
57 53 33
57 54 79
57 55 54
57 56 74
57 57 0
57 58 47
57 59 18
57 60 60
57 61 81
57 62 85
57 63 14
57 64 89
57 65 75
57 66 17
57 67 79
57 68 58
57 69 27
57 70 34
58 1 21
58 2 54
58 3 63
58 4 47
58 5 15
58 6 40
58 7 58
58 8 72
58 9 62
58 10 16
58 11 41
58 12 36
58 13 32
58 14 76
58 15 53
58 16 13
58 17 48
58 18 47
58 19 65
58 20 82
58 21 44
58 22 29
58 23 20
58 24 53
58 25 85
58 26 75
58 27 75
58 28 75
58 29 32
58 30 79
58 31 35
58 32 60
58 33 39
58 34 44
58 35 47
58 36 25
58 37 1
58 38 27
58 39 75
58 40 70
58 41 44
58 42 48
58 43 49
58 44 64
58 45 78
58 46 80
58 47 10
58 48 46
58 49 84
58 50 9
58 51 24
58 52 21
58 53 21
58 54 47
58 55 90
58 56 33
58 57 47
58 58 0
58 59 34
58 60 29
58 61 68
58 62 57
58 63 33
58 64 43
58 65 31
58 66 30
58 67 40
58 68 63
58 69 35
58 70 38
59 1 26
59 2 37
59 3 54
59 4 35
59 5 34
59 6 40
59 7 42
59 8 59
59 9 74
59 10 40
59 11 74
59 12 58
59 13 16
59 14 70
59 15 24
59 16 28
59 17 58
59 18 38
59 19 43
59 20 77
59 21 62
59 22 6
59 23 18
59 24 25
59 25 101
59 26 58
59 27 84
59 28 63
59 29 18
59 30 77
59 31 12
59 32 49
59 33 65
59 34 63
59 35 17
59 36 27
59 37 34
59 38 8
59 39 93
59 40 84
59 41 47
59 42 44
59 43 57
59 44 65
59 45 93
59 46 90
59 47 25
59 48 77
59 49 68
59 50 40
59 51 56
59 52 46
59 53 28
59 54 74
59 55 71
59 56 65
59 57 18
59 58 34
59 59 0
59 60 54
59 61 84
59 62 82
59 63 6
59 64 76
59 65 64
59 66 11
59 67 71
59 68 66
59 69 10
59 70 18
60 1 50
60 2 55
60 3 54
60 4 47
60 5 20
60 6 34
60 7 58
60 8 66
60 9 37
60 10 15
60 11 27
60 12 9
60 13 59
60 14 63
60 15 66
60 16 42
60 17 27
60 18 44
60 19 68
60 20 68
60 21 17
60 22 49
60 23 47
60 24 64
60 25 57
60 26 72
60 27 51
60 28 67
60 29 60
60 30 63
60 31 60
60 32 54
60 33 10
60 34 17
60 35 71
60 36 54
60 37 30
60 38 51
60 39 46
60 40 43
60 41 33
60 42 42
60 43 31
60 44 48
60 45 50
60 46 55
60 47 38
60 48 25
60 49 80
60 50 20
60 51 16
60 52 9
60 53 27
60 54 20
60 55 87
60 56 19
60 57 60
60 58 29
60 59 54
60 60 0
60 61 40
60 62 28
60 63 51
60 64 45
60 65 25
60 66 46
60 67 21
60 68 45
60 69 60
60 70 65
61 1 88
61 2 65
61 3 52
61 4 59
61 5 55
61 6 46
61 7 65
61 8 62
61 9 13
61 10 51
61 11 55
61 12 31
61 13 93
61 14 49
61 15 85
61 16 80
61 17 26
61 18 54
61 19 76
61 20 50
61 21 24
61 22 78
61 23 83
61 24 82
61 25 18
61 26 70
61 27 18
61 28 61
61 29 94
61 30 42
61 31 93
61 32 56
61 33 33
61 34 23
61 35 101
61 36 92
61 37 68
61 38 83
61 39 9
61 40 5
61 41 40
61 42 48
61 43 29
61 44 35
61 45 10
61 46 19
61 47 75
61 48 47
61 49 74
61 50 59
61 51 55
61 52 47
61 53 57
61 54 34
61 55 82
61 56 52
61 57 81
61 58 68
61 59 84
61 60 40
61 61 0
61 62 26
61 63 78
61 64 78
61 65 60
61 66 73
61 67 47
61 68 31
61 69 92
61 70 98
62 1 78
62 2 75
62 3 68
62 4 67
62 5 48
62 6 53
62 7 77
62 8 79
62 9 33
62 10 43
62 11 31
62 12 25
62 13 87
62 14 70
62 15 91
62 16 69
62 17 36
62 18 63
62 19 88
62 20 72
62 21 23
62 22 76
62 23 75
62 24 88
62 25 37
62 26 86
62 27 44
62 28 79
62 29 88
62 30 65
62 31 88
62 32 70
62 33 18
62 34 22
62 35 99
62 36 82
62 37 57
62 38 79
62 39 26
62 40 31
62 41 49
62 42 59
62 43 41
62 44 54
62 45 33
62 46 45
62 47 66
62 48 22
62 49 92
62 50 48
62 51 37
62 52 37
62 53 54
62 54 11
62 55 100
62 56 31
62 57 85
62 58 57
62 59 82
62 60 28
62 61 26
62 62 0
62 63 78
62 64 55
62 65 39
62 66 72
62 67 24
62 68 50
62 69 88
62 70 93
63 1 30
63 2 31
63 3 48
63 4 29
63 5 31
63 6 34
63 7 36
63 8 53
63 9 68
63 10 37
63 11 72
63 12 53
63 13 22
63 14 64
63 15 21
63 16 30
63 17 52
63 18 32
63 19 38
63 20 71
63 21 58
63 22 4
63 23 22
63 24 21
63 25 96
63 26 53
63 27 78
63 28 57
63 29 24
63 30 71
63 31 18
63 32 42
63 33 61
63 34 59
63 35 23
63 36 31
63 37 34
63 38 12
63 39 87
63 40 79
63 41 41
63 42 38
63 43 51
63 44 59
63 45 88
63 46 85
63 47 26
63 48 74
63 49 62
63 50 38
63 51 54
63 52 42
63 53 24
63 54 71
63 55 66
63 56 63
63 57 14
63 58 33
63 59 6
63 60 51
63 61 78
63 62 78
63 63 0
63 64 76
63 65 63
63 66 6
63 67 69
63 68 60
63 69 16
63 70 25
64 1 55
64 2 94
64 3 98
64 4 86
64 5 51
64 6 75
64 7 98
64 8 109
64 9 80
64 10 47
64 11 24
64 12 53
64 13 69
64 14 107
64 15 96
64 16 49
64 17 72
64 18 84
64 19 106
64 20 112
64 21 60
64 22 72
64 23 59
64 24 96
64 25 92
64 26 113
64 27 93
64 28 110
64 29 69
64 30 107
64 31 74
64 32 96
64 33 46
64 34 60
64 35 87
64 36 58
64 37 43
64 38 69
64 39 81
64 40 83
64 41 77
64 42 84
64 43 76
64 44 93
64 45 87
64 46 96
64 47 51
64 48 33
64 49 122
64 50 40
64 51 29
64 52 46
64 53 60
64 54 45
64 55 129
64 56 27
64 57 89
64 58 43
64 59 76
64 60 45
64 61 78
64 62 55
64 63 76
64 64 0
64 65 20
64 66 73
64 67 32
64 68 90
64 69 75
64 70 75
65 1 49
65 2 76
65 3 79
65 4 68
65 5 34
65 6 57
65 7 80
65 8 90
65 9 60
65 10 29
65 11 12
65 12 33
65 13 62
65 14 88
65 15 82
65 16 41
65 17 52
65 18 66
65 19 89
65 20 93
65 21 41
65 22 60
65 23 50
65 24 81
65 25 75
65 26 95
65 27 74
65 28 91
65 29 62
65 30 88
65 31 65
65 32 78
65 33 27
65 34 40
65 35 78
65 36 53
65 37 31
65 38 58
65 39 64
65 40 64
65 41 57
65 42 65
65 43 56
65 44 73
65 45 69
65 46 77
65 47 41
65 48 19
65 49 103
65 50 25
65 51 10
65 52 27
65 53 43
65 54 28
65 55 110
65 56 8
65 57 75
65 58 31
65 59 64
65 60 25
65 61 60
65 62 39
65 63 63
65 64 20
65 65 0
65 66 59
65 67 16
65 68 70
65 69 66
65 70 68
66 1 31
66 2 29
66 3 44
66 4 25
66 5 26
66 6 29
66 7 34
66 8 50
66 9 62
66 10 32
66 11 68
66 12 48
66 13 25
66 14 60
66 15 23
66 16 29
66 17 47
66 18 28
66 19 38
66 20 67
66 21 52
66 22 6
66 23 22
66 24 23
66 25 90
66 26 51
66 27 73
66 28 54
66 29 27
66 30 67
66 31 22
66 32 39
66 33 55
66 34 53
66 35 28
66 36 33
66 37 31
66 38 14
66 39 82
66 40 73
66 41 35
66 42 33
66 43 45
66 44 54
66 45 82
66 46 79
66 47 24
66 48 69
66 49 60
66 50 34
66 51 50
66 52 37
66 53 18
66 54 65
66 55 65
66 56 58
66 57 17
66 58 30
66 59 11
66 60 46
66 61 73
66 62 72
66 63 6
66 64 73
66 65 59
66 66 0
66 67 64
66 68 55
66 69 21
66 70 29
67 1 61
67 2 76
67 3 74
67 4 67
67 5 38
67 6 54
67 7 79
67 8 86
67 9 49
67 10 32
67 11 9
67 12 25
67 13 72
67 14 81
67 15 86
67 16 52
67 17 45
67 18 64
67 19 89
67 20 85
67 21 31
67 22 66
67 23 60
67 24 84
67 25 60
67 26 92
67 27 62
67 28 87
67 29 73
67 30 79
67 31 75
67 32 75
67 33 16
67 34 30
67 35 87
67 36 65
67 37 41
67 38 66
67 39 49
67 40 51
67 41 53
67 42 62
67 43 49
67 44 65
67 45 55
67 46 65
67 47 51
67 48 5
67 49 99
67 50 32
67 51 17
67 52 27
67 53 46
67 54 13
67 55 107
67 56 8
67 57 79
67 58 40
67 59 71
67 60 21
67 61 47
67 62 24
67 63 69
67 64 32
67 65 16
67 66 64
67 67 0
67 68 62
67 69 75
67 70 78
68 1 79
68 2 38
68 3 21
68 4 33
68 5 48
68 6 26
68 7 36
68 8 31
68 9 18
68 10 48
68 11 70
68 12 37
68 13 79
68 14 19
68 15 60
68 16 73
68 17 18
68 18 29
68 19 46
68 20 23
68 21 31
68 22 61
68 23 72
68 24 57
68 25 43
68 26 39
68 27 21
68 28 30
68 29 81
68 30 17
68 31 77
68 32 27
68 33 46
68 34 32
68 35 82
68 36 82
68 37 64
68 38 68
68 39 40
68 40 28
68 41 20
68 42 23
68 43 15
68 44 4
68 45 36
68 46 27
68 47 67
68 48 64
68 49 43
68 50 57
68 51 61
68 52 46
68 53 45
68 54 52
68 55 51
68 56 64
68 57 58
68 58 63
68 59 66
68 60 45
68 61 31
68 62 50
68 63 60
68 64 90
68 65 70
68 66 55
68 67 62
68 68 0
68 69 76
68 70 83
69 1 21
69 2 47
69 3 65
69 4 45
69 5 40
69 6 50
69 7 52
69 8 69
69 9 82
69 10 45
69 11 77
69 12 64
69 13 8
69 14 80
69 15 31
69 16 26
69 17 67
69 18 48
69 19 53
69 20 88
69 21 70
69 22 15
69 23 16
69 24 34
69 25 110
69 26 68
69 27 93
69 28 73
69 29 9
69 30 88
69 31 2
69 32 59
69 33 70
69 34 71
69 35 12
69 36 21
69 37 35
69 38 9
69 39 101
69 40 93
69 41 56
69 42 54
69 43 66
69 44 75
69 45 102
69 46 100
69 47 25
69 48 80
69 49 77
69 50 43
69 51 59
69 52 51
69 53 35
69 54 79
69 55 80
69 56 68
69 57 27
69 58 35
69 59 10
69 60 60
69 61 92
69 62 88
69 63 16
69 64 75
69 65 66
69 66 21
69 67 75
69 68 76
69 69 0
69 70 8
70 1 20
70 2 55
70 3 73
70 4 53
70 5 45
70 6 57
70 7 60
70 8 77
70 9 89
70 10 50
70 11 79
70 12 70
70 13 6
70 14 88
70 15 39
70 16 27
70 17 74
70 18 56
70 19 61
70 20 96
70 21 76
70 22 22
70 23 18
70 24 41
70 25 116
70 26 76
70 27 101
70 28 81
70 29 6
70 30 96
70 31 6
70 32 67
70 33 75
70 34 76
70 35 14
70 36 18
70 37 38
70 38 16
70 39 107
70 40 99
70 41 64
70 42 62
70 43 73
70 44 82
70 45 108
70 46 107
70 47 28
70 48 83
70 49 85
70 50 47
70 51 62
70 52 56
70 53 42
70 54 84
70 55 88
70 56 71
70 57 34
70 58 38
70 59 18
70 60 65
70 61 98
70 62 93
70 63 25
70 64 75
70 65 68
70 66 29
70 67 78
70 68 83
70 69 8
70 70 0